513500
108370
159654
417982
185060
381417
677852
606423
164416
639783
486338
518384
217035
498766
34533
896742
254850
991198
382315
393489
553034
433405
916697
393979
733127
359549
377968
400501
77453
58853
197142
175526
937429
506202
541532
46967
652036
613701
436404
328731
273463
147633
392989
581286
575959
23690
985475
933094
364549
754368
590214
134140
200489
502172
562647
472913
240696
705161
607015
872672
108141
786535
400880
572499
651298
393512
187647
106968
882152
702605
247710
345750
809807
588388
22882
114537
998883
962552
590932
57577
252613
992550
292838
231000
676953
180456
882157
795109
98936
422535
571419
259651
692280
919298
610810
56766
245152
490531
130573
33495
237785
427539
472312
858923
122366
56175
369517
922553
83594
666504
361527
489540
390861
579660
531027
233800
626017
365062
688622
109336
158501
770460
891965
788767
29064
541631
809558
416972
738083
760434
299321
954294
332638
688993
894438
703433
680775
94364
55568
758488
358384
814641
414072
416244
559666
130436
233786
538130
633420
182041
539337
490938
147779
301667
151217
238748
626681
886098
557278
724244
499038
21175
884932
762015
813443
627736
145514
619208
85047
560845
288924
774663
415645
796939
700786
623384
182433
773156
997049
820479
692089
966841
70467
496785
376840
276584
962592
843896
916639
562375
390300
397454
118448
972572
599112
745843
245345
697488
269320
647142
93457
256107
742801
750022
211836
254038
987704
432211
524012
548268
791862
248454
108562
805376
598852
367937
386142
346427
707027
7711
276908
862698
171323
326536
517551
815227
644496
389968
284256
918427
442455
256069
690604
845908
622081
557267
748213
15786
810492
318158
617669
12241
564656
637195
992115
931521
163113
538227
289365
853779
425611
378463
471171
424650
870940
119948
21746
661542
741861
546192
517410
192058
63622
88628
203464
313205
941037
87118
531494
852841
740735
20762
121193
749521
403878
96034
257136
962820
992625
784921
531491
813873
967249
338109
67168
937698
361624
487352
42418
883832
468872
891410
841832
506771
105275
782282
902260
577922
398964
453468
739323
848094
460978
424776
485676
840906
75329
364403
54731
919647
456348
852308
341812
919698
258283
625074
405565
379454
422817
417621
429209
684094
476504
357269
993462
813684
238573
245156
173052
412291
571347
699191
622366
79571
598192
862923
317721
89530
265060
582149
436089
547208
658609
372972
550921
735650
122688
483421
713193
259191
998857
416626
175554
131991
163125
566567
990052
633507
331896
67066
894241
24530
572805
308546
938711
35084
685016
958145
13781
318218
956533
431302
760989
416048
39461
753593
688998
388291
330392
586901
908117
59032
979053
601494
700483
320685
861015
581200
700633
232728
518698
117912
393472
768092
10099
910466
507810
259525
924492
656187
482455
599002
634877
208444
658424
830871
781193
203187
861339
84365
147925
551844
763156
872806
263195
676388
166232
593959
646185
154264
812913
919103
852571
289524
913415
979636
562235
383145
405397
472898
424874
244529
217864
430961
700404
653681
566011
800373
965810
698493
84815
99057
61083
366177
331414
224519
569164
587617
711130
454728
52001
933168
961907
286999
645825
516917
536004
594364
344609
207711
251362
473892
228977
480977
838243
319506
901673
856627
866305
686715
299785
771535
544716
719820
151965
96187
780380
978401
82989
997582
830764
172514
771186
940211
229915
288193
900253
87701
23409
105441
254480
704903
751795
940853
936484
540481
564548
45810
368894
245994
443616
799929
79434
276825
641096
610867
201503
430524
156135
967672
478879
41460
356103
188111
758915
582534
964901
644672
416323
624292
602222
281093
458972
39963
822195
505698
651087
404771
610981
315784
710149
581343
206850
403726
959339
458512
128945
243599
451634
98332
883831
258003
575126
659429
6530
903981
3376
355881
201736
994576
732128
608903
541845
353107
260556
693874
844687
480883
940925
685870
52825
758114
902294
776985
594158
890936
515116
247062
233387
667575
80738
609339
202507
334010
597412
283092
813138
530726
928685
513097
990767
48515
446572
669031
308542
358597
134218
84288
842913
305561
896387
106296
289294
239054
115847
88246
647744
537895
599541
426895
467402
183773
203340
151086
716545
838588
46706
943318
605220
692695
999768
484124
959674
214957
855061
469848
287118
405696
300467
237
337355
262526
672739
388855
737411
292631
513428
680504
964986
443787
143012
112892
516048
529442
22939
628273
846993
861937
34179
660788
269543
164534
707784
609687
598130
492650
957624
585429
646005
641344
303142
520839
178870
659333
816003
496334
607290
939018
194506
74529
317816
676670
86999
214045
530095
437595
986772
533704
107390
640359
104647
393986
15424
765928
103997
636898
698113
57186
947753
61219
178995
708879
5104
116653
527976
706872
862422
776364
790753
818629
375582
839111
27754
554259
459337
741957
66394
769894
186618
315311
26989
539231
769055
886552
549075
144932
110516
984115
902741
476952
640019
115476
169803
398292
69597
826600
591440
449320
169011
190237
865332
407719
334032
903651
73043
522753
11637
960252
399994
619372
259825
433730
461765
827567
889426
558863
777499
545677
490232
26403
894763
978491
810916
384036
407326
280927
6852
854908
648353
440937
458554
23607
42697
454045
893707
565114
338764
274795
449890
827950
88815
233617
816427
91468
599507
521625
567393
731698
733545
530638
283024
448118
378736
233959
111293
923208
705782
996909
401148
607230
24492
298540
334757
393549
940525
597782
854694
354825
911857
270679
692301
383305
487761
924832
421568
833475
970239
741960
132849
409312
711090
722717
114896
980534
683153
942075
21250
789197
817928
698215
654645
186177
757136
418992
148840
46878
823346
917498
609890
668682
325389
244656
958648
209580
995493
796707
55753
444100
563961
205702
740395
769861
93727
443041
459543
263069
496697
225501
339601
157965
220022
702697
251195
967317
356586
812556
724193
91017
621297
907872
877451
27372
854286
694815
601974
497163
811078
14451
170858
397142
603966
261095
913798
151488
313920
302901
919747
573866
610350
337420
683145
569566
439584
989319
885532
830080
314446
515996
713494
528474
337295
692881
701207
240638
588148
666605
209383
412571
432919
280605
148794
190796
424361
380613
233979
443835
848162
549623
968002
90068
673862
554584
471040
447421
569842
542863
557799
153984
93816
723017
706000
627401
753973
960232
535600
25929
886210
629145
340912
903201
743530
969102
495944
742187
610012
634957
621012
310310
746604
633893
853437
974656
747458
643722
535471
982693
844810
502496
253628
501170
721490
851676
531917
648771
315096
750862
960871
409280
638601
199835
391043
789919
998972
434339
989026
920820
657251
878814
854353
430917
622196
390550
191545
759591
634832
437888
194913
531570
91125
18083
933443
455389
893457
523213
603608
953914
710047
750478
237769
264682
739622
304390
379901
729673
965234
840666
335050
837950
82570
494441
45408
2466
505396
586525
556087
314682
896758
212964
774898
771206