805714
647226
909441
666126
218158
188802
402985
391547
638190
537530
270340
98753
890779
980799
273875
368744
857915
503758
433861
810127
957422
536183
240568
391068
754747
867202
134807
516018
434771
26539
916946
158749
522008
372030
426496
698573
528851
328065
598688
90542
323965
158927
561779
781454
322176
315831
79788
410805
914987
983686
421953
669700
14669
967438
190869
580136
216145
390948
534303
135909
366539
42920
589648
872033
454306
980909
196134
525507
34044
974471
197807
405586
6831
499385
730572
796217
183283
772985
187423
608760
309876
979460
368720
207172
50822
866767
208763
327558
692680
915844
575519
368322
704873
919602
509906
13930
560893
153970
478671
24945
622300
458572
448280
594715
825424
560092
4415
170806
997216
699002
402203
1299
775454
921359
211221
982721
708950
906574
370530
711329
816425
183407
583720
624247
41540
628237
4418
656456
440474
13178
596577
678149
441907
288623
248935
283861
877910
305876
72108
370488
318378
429236
472558
530050
423586
326402
714773
1532
184122
650024
139588
652999
834598
324361
983871
600125
852208
723349
66109
248777
307410
887961
893179
146566
268638
827265
661914
885843
82697
680748
995707
659784
719217
804123
131576
736922
949752
849906
700259
273604
790801
843137
497655
810255
352517
646458
212148
273303
49086
632290
543807
404740
22296
511927
958855
846489
746755
900381
718316
645740
823649
859525
858575
108149
931436
661156
83857
442074
350002
701270
304272
862546
803575
365218
102515
855251
116772
634666
648870
593644
174120
256033
379520
827877
425787
131236
620870
758729
352590
809742
310595
369253
866741
641635
941988
234642
304887
51946
363813
898908
876039
585205
72094
495779
691223
53343
470131
963758
897344
609207
805597
940315
871049
785058
46472
976306
400854
485833
689927
139545
367996
492578
185640
978853
790705
558611
534437
382440
151271
753565
329452
665249
219583
461132
522404
349324
112824
811917
316351
219670
267137
749266
915317
808161
318123
639932
215112
708821
722027
409833
481030
395132
248114
402824
722737
674133
510960
588459
657507
173347
977398
38464
246472
407592
560634
722446
404178
109912
908996
713107
416933
672825
677217
87311
627608
640278
492190
687947
232924
146211
20544
694840
431228
267676
968282
681833
921894
677716
632963
324673
21289
932901
92598
977389
255404
126892
63285
142028
221105
861820
701633
516982
453460
215220
662836
847445
875317
178379
527255
151191
8660
10153
769459
949043
86982
291433
130476
717388
339405
109729
776066
260990
565859
343219
600404
740787
474611
843270
566908
531939
920498
98241
105328
931605
29783
836672
881968
320490
681458
340833
248628
256229
258563
922339
869458
2003
977888
557190
706556
225101
886005
128649
994882
3267
241050
297975
353551
975775
42518
214386
199374
252722
154286
727078
949778
866852
819800
304665
640062
505123
168124
982486
358478
696798
151803
739894
754223
578476
878980
960143
905455
273287
198853
748343
745479
579471
17790
574443
332680
103369
564322
82436
330524
647655
925273
583234
943706
8191
873013
468743
524625
201066
309672
637813
591834
442436
995779
204221
367890
900703
661849
697005
319804
381015
507667
18495
189689
359790
291240
100671
23840
784364
240366
865349
479158
300646
25847
545826
316325
264449
814549
935562
834207
182288
716005
54119
809491
380090
764862
51492
10523
959030
561186
107110
766581
873856
300521
874848
663786
797166
968424
907834
546908
491576
377221
532759
107655
287931
570978
248333
256781
55779
26531
35167
184191
926036
269960
427791
608368
107569
516743
51098
845443
496887
275962
39843
266809
403229
105736
786454
767295
971762
121851
770398
958852
892752
760991
598871
607439
294506
188271
92744
766639
523780
129823
77581
274551
522031
929428
692157
458827
458116
757667
749218
935516
349094
795354
354350
356663
294133
165700
849760
362478
518474
76035
586954
837230
761868
390516
901429
185080
158063
496035
161267
301656
156970
493064
234327
205908
231232
220865
215349
824779
322876
322548
937001
109791
527596
790077
651346
469060
46971
274610
438358
818060
72650
582267
887945
832312
931425
871662
702143
43469
783212
982192
957172
916206
848010
393540
871393
201148
583362
981932
306881
875907
450819
321683
833177
683440
219932
897300
114474
656861
293577
99479
868434
362358
367937
376621
227201
812703
202665
913810
72098
483276
650170
224123
406648
506939
835092
357141
787003
41705
605268
93837
88859
591103
129786
656512
182595
332070
386624
671777
127904
836097
494348
475760
120875
563808
892474
189397
358794
814824
211455
186580
68581
418249
227458
771211
459083
986989
57109
233123
447614
15900
798969
138850
984875
756592
515828
535845
247775
908221
156800
690320
119440
801300
140719
212041
677139
163313
195557
777392
356048
270348
431613
539045
122194
141082
461246
997326
606579
851907
531251
971236
931084
524120
260186
962018
187382
664764
950763
986132
180376
642052
101690
917834
370789
181909
114075
382833
633099
140748
229368
75753
934829
903011
493020
93974
927272
31202
834102
236787
838396
633598
444911
999695
999721
759545
480670
230117
795496
568951
384935
389045
796089
401502
30376
449038
71791
281247
730945
355607
372732
456988
342117
387159
523462
848550
758368
627678
841344
177864
489321
423598
865772
981897
59264
604224
493292
707150
900075
931619
354843
869648
989423
58373
964420
378144
396440
75038
693239
749263
43265
980503
616493
604061
890300
338728
905513
195072
406208
475107
264011
537314
426303
159562
436073
832340
28895
436786
580103
449993
839779
108667
566343
742943
567312
783126
270658
109003
636746
829956
839518
816700
263115
834019
425638
892967
182858
579634
587850
104627
430711
720588
917176
255019
907450
768694
624202
902305
514941
766464
515093
979783
531041
33654
188212
838147
16842
4738
178869
174008
162357
37103
538853
232077
332976
179885
717486
861828
370198
295637
462014
489722
552218
9722
873441
494840
687742
161493
151733
440040
444449
602559
371497
296529
317791
567323
813874
848117
301379
692616
934832
649556
655369
801286
662719
694555
577607
480781
545254
22493
922961
711860
283857
620655
811422
452042
550015
670575
524230
631042
479129
353981
282845
982066
759625
693071
55300
666205
76846
493451
796714
607361
643786
2991
24027
202118
908111
343769
546196
725493
364226
723467
172944
961508
180687
508232
832429
383526
921729
34027
898942
53270
947249
497649
611229
119772
123334
57494
674675
671284
450548
473755
624832
8877
121041
84923
644118
883354
39077
910842
615837
691625
944939
733922
433809
680564
948025
943283
170913
131332
605424
14451
185990
827348
768712
295813
209154
463642
267168
806192
363261
610475
594688
702448
808592
246520
376787
82005
924512
133422
873239
356609
18734
39608
263923
711445
166487
87121
47605
18396
917019
404394
425013
661787
78620
806966
718494
146550
25605
702479
604090
25091
843067
772417
826219
689749
168667
280679
259559
518881
845607
709598
961190
728288
809595
126375
151240
809122
995763
223604
859953
891215
211051
345417
605372
661816
926043
806823
1589
323280
790740
549743
311554
68336
317972
713358
243300
854094
117084
350218
749241
206580
575747
147435
93714
442574
39050
972606
134233
347863
694065
65269
441066
223666
368467
772713
550125
752416
401075
994962
657214
421375
587677
860050
460985
227074
627890
219156
731461
283868
861653
154669
275612
427875
361263
410739
132109
622745
191529
231727
569119
537018
37105
754091
185715
931210
734821
450760
882756
82581
259592
906165
59567
555485
746917
851091
277126
111490
102121
410996
99408
942729
257252
541024
236325
964639
215086
135456
564458
380399
503423
218769
659481
614055
512847
602444
17425
192855
686161
514784
575409
93228
278797
140951
93311
544269
659556
736915
290845
553566
474580
234398
175910
728158
799548
56087
286295
831514
564022
178683
283083
2295
163492
894446
73446
796413
614993
505552
617035
411952
247514
389138
534198
585075
981631
828759
17952
185819
5429
186838
76654
198963
642755
258856
572465
472969
855835
129944
839022
881288
936992
176038
848035
989596
665704
670245
842216
451920
884986
559996
588739
557083
224641
905540
323830
511692
110543
797426
42318
589011
837917
529230
416533
858806
810032
180408
802628
529213
874539
315211
932645
919974
8475
5960
962668
492018
676028
525592
448990
489036
802391
150662
186645
837116
115350
118460
672442
53369
979346
375966
624106
356182
22204
447571
146813
781834
920383
553878
626691
12017
982808
284852
165152
874665
407840
956415
541608
685466
331562
775596
273017
124263
313567
917112
888973
916873
274791
811305
420387
42455
794679
613698
847605
277422
447976
26956
702996
857744
2363
337442
899562
271147
967426
270745
867189
972649
493698
943434
37066
621538
482146
949090
957863
35181
292378
704695
555342
191496
608438
546032
484178
4189
410586
238512
370783
310167
731844
914105
397532
392973
151817
348471
538386
773693
502241
277267
633879
773461
448021
593423
430051
465418
361487
784056
672776
646728
165398
860220
552081
88149
265880
800034
294353
786417
293755
899310
812718
189145
181060
403050
495617
722668
364310
612711
554916
455458
285881
518018
376680
231171
691487
842477
101667
561870
825874
636437
229361
361651
971146
648456
301362
772593
500573
186255
659711
951410
915209
697495
110421
789060
806756
341680
870370
138840
790587
747499
298688
424473
925890
310050
967473
244639
376782
548075
725447
261708
465854
154456
240047
503562
464231
161871
105420
699309
580996
509221
214493
757042
743498
376161
647558
615852
219185
265355
305139
171446
795095
60418
634854
623801
692716
923461
642219
180318
409485
433150
277048
863630
499086
778158
34540
805969
757220
903697
712159
350953
705866
245093
310151
932668
683662
633369
497602
934189
738552
863308
533762
512078
854412
125440
177793
967090
417146
53835
299464
370968
199834
230216
965917
696597
237784
356211
378345
982419
873217
155991
104232
1439
230365
855446
763245
234417
183251
348921
73664
639135
780126
382148
710583
153554
554606
393975
321076
449429
866588
590780
827185
552858
875535
410008
227523
902682
70255
524998
560162
268919
969189
972592
7668
546704
517972
77991
175716
555608
905584
361075
368104
514421
751598
321733
196899
911658
526217
425613
385663
689962
966607
391414
720666
658245
960816
836353
160248
539750
256526
343875
450055
962137
941284
722724
26211
547193
110661
478674
915993
112889
975092
454355
606795
684970
343030
609419
11906
794499
2741
624591
501124
399712
644760
416667
924101
962504
848818
258267
714965
888388
935097
724023
347205
895756
841023
665529
733525
560386
149570
982160
867265
791989
586377
769216
862881
865806
347384
255575
827934
418878
140464
348425
721222
315987
520051
65691
581307
777797
232384
374472
334589
591934
40227
94480
193187
593301
392558
396410
232363
177972
626651
318718
100838
313377
675867
779585
921086
619326
389437
229383
789322
376830
537368
227266
328095
402480
105223
312782
622281
563427
97764
99955
419280
493865
594210
216233
554854
363311
265962
152404
270752
208884
77886
373826
834709
169817
27818
797724
973294
897639
52444
841444
656731
550170
747816
901447
507894
696732
289286
226970
49050
755910
649870
423790
556409
459848
350713
717900
549903
912965
912299
287780
746340
237942
264538
735269
980444
742270
461957
784229
31878
811151
531053
269391
260515
816911
357479
457308
8568
494421
326218
947986
634505
648559
827289
207233
754864
721900
379748
771567
591482
377306
601960
789921
964361
369183
540688
592867
467973
480811
765965
715915
225599
202216
901756
329653
737471
264499
219852
157201
398950
130409
234087
408613
451505
750149
324263
36241
969920
733801
783508
418197
594689
859580
320639
552200
465283
533504
222522
275842
943832
695810
937516
681355
208287
301503
896254
265497
275036
899759
444566
696326
126795
138965
532992
993617
4226
600541
865074
89331
158111
918263
780308
883924
831334
336639
682739
495157
628600
565485
317059
521031
695457
860382
576238
180712
322089
69779
82325
949683
49256
840
776993
281789
777387
994565
223041
188290
658216
992861
726964
296675
104151
728932
890553
356647
662220
471505
235592
694275
466757
232268
932437
545952
203863
706285
64411
199272
419980
351679
837521
729080
569632
564879
532634
529259
183885
49238
907157
618472
680402
687657
759496
709442
210481
931367
405030
163794
193067
171842
869693
204045
182851
560396
805038
969943
74082
952719
912000
57334
143985
743890
23428
416877
298554
126914
215075
553510
727687
541430
477702
733205
580848
776510
366111
89973
511464
88683
107677
451911
975307
766437
83705
263414
350351
797639
48589
887564
529666
729347
961234
800006
776001
553931
603766
653230
736015
414598
264811
545082
503987
695508
363603
177536
542465
266859
679728
119343
270561
9281
88834
42577
462978
466287
943440
323192
818130
460242
32161
759645
892778
27890
647957
371075
703930
52589
239841
126935
692111
183944
352951
194853
531772
960842
822673
31611
941272
492574
655535
763409
82125
932906
193826
384357
777843
713306
276074
950777
671333
601563
884882
288869
578229
966225
337093
740102
688375
184136
720013
860015
84339
350895
611989
529576
733268
603661
760864
518067
239276
814586
9895
191598
961181
713004
13763
178842
108707
534428
328691
34779
737056
164504
4629
959339
453348
70509
900396
703496
200830
500369
41538
678067
311492
562370
284807
365359
389431
792248
926590
181412
41923
462325
455224
682246
941715
206941
825473
472040
67701
504291
718786
253020
99766
669206
898187
54061
473295
934020
13737
452945
726464
86762
23142
920650
894717
842258
527400
938943
22918
357797
865622
663223
708936
477242
978508
48654
975936
784432
633323
80858
689232
676501
51637
675591
933398
969571
10140
421613
916105
506073
9249
686658
655087
854087
205722
540196
895922
4663
136487
84282
809074
234282
307558
577411
220031
404864
697772
707919
496896
767619
240913
585121
886103
211506
155375
38412
898858
649108
216135
182495
235589
368637
250795
819318
850954
790855
666098
293555
631822
577233
332689
724288
525781
556018
5144
833668
642233
95615
240985
463181
786182
585533
262041
732122
432336
684850
747695
446539
624371
305874
975075
820815
601289
388850
961110
928618
195797
893773
389697
879532
182438
887051
139739
666217
182072
679516
128820
950407
113538
515369
17522
972171
526840
109734
114632
665712
6825
73070
938935
808504
402306
22525
699256
594204
22664
929605
113928
71686
536178
200465
986238
695357
385502
886453
374004
468300
728195
227543
672876
870985
885247
320564
597527
351020
731684
44864
926908
485864
681994
590860
842548
625363
696186
969748
998063
308917
536049
742176
220304
464968
805642
793200
861767
820087
53981
628817
893570
831210
809426
689845
314449
33299
67143
628523
47761
957339
96488
604855
314932
588761
595015
291865
485262
74929
270308
713531
572733
335183
266154
599459
860799
906388
814285
159460
445435
931197
714138
840688
426119
998658
860594
823232
531713
813129
535685
879509
751023
967957
936798
832217
869380
92275
517874
625314
272847
311980
211039
144785
537535
865271
344891
884618
597700
651032
193333
595736
813893
335073
440818
953675
195028
654536
362364
920566
243382
228051
1656
364823
142575
265579
788226
592210
765812
36534
339783
170316
296265
304669
440811
315873
921456
824418
296816
124624
770408
296292
671737
202335
771270
983944
128452
946618
71125
175215
16584
202554
36718
907715
825024
157083
346163
784613
988608
850540
513479
436808
28271
622505
222167
551354
528042
37613
210916
877056
338199
521534
15413
104017
357001
394808
134660
625480
270873
425572
556641
555159
465830
733300
684976
979158
892812
260180
825801
666093
893977
392559
669222
892379
920342
536628
730334
769818
937548
71106
721527
105606
428948
994780
222595
207312
932474
691441
940542
143461
210806
42400
763659
120271
792442
973219
262415
941999
752887
842611
168315
134691
937768
204912
413364
46660
570369
737650
860595
766812
498496
786478
495089
710081
822647
558837
515390
338321
554988
330787
28010
918727
731378
735785
91178
616577
412469
250729
572197
880658
632330
852301
334812
825693
711238
925823
682525
639406
209012
244832
493082
505633
599970
99617
994039
779027
790473
408876
49840
278855
65587
513471
403307
793745
537459
528540
163797
111297
106945
425097
946458
776723
127877
611954
797432
58887
712416
145687
391013
415684
75697
939280
549651
864737
829343
632480
786998
941812
828226
580509
844855
79052
669643
950100
767699
981516
32373
856523
502075
401503
615941
647441
672333
375550
460887
513447
843801
705810
972931
318369
379279
798699
499292
510675
47509
658548
208822
141807
797812
837358
580964
163130
760540
696039
644330
713921
48628
132918
867220
643123
21278
592068
538443
856028
327940
767222
993993
839982
270335
618419
731062
688179
908496
877190
1192
419708
206825
250560
983287
131602
101903
56904
502373
278866
701740
470721
792436
435790
507816
346589
689129
950853
84296
159536
334872
829497
227064
595176
729543
54772
858567
456471
140348
818874
693220
363209
889712
861488
428440
639827
175897
22102
422560
753785
376363
660297
983676
667627
309835
544455
556448
981093
185858
168197
440563
320680
607146
909215
164370
608130
183854
465529
947372
260683
777378
476728
604135
668902
139865
38271
286143
59074
695691
658814
821229
870114
179933
618167
709837
384403
392427
148227
415830
787581
610025
432113
138394
758816
120003
974828
325242
454841
679467
736066
408943
40272
214522
235391
565967
83024
480805
535089
736288
371658
733042
429376
250201
875802
119236
285476
473751
832737
583067
772710
13554
122925
37415
88680
566168
357083
753211
439387
401559
136727
337256
66418
64789
581399
139212
588084
208276
762706
10482
649976
712205
104552
467489
947413
595663
737620
195752
387941
693250
928151
441170
656188
481843
880481
628641
304700
999742
46373
779228
467346
941137
372185
561514
954233
102023
644660
198321
468249
371304
686886
815293
704450
549810
238108
941408
273607
887975
30823
370267
453425
352079
8197
164218
233000
816360
923723
548052
580209
824104
865889
217290
721635
112055
984315
602456
370108
155978
588254
885215
655396
99131
998351
927322
913760
511719
165021
916367
684117
339786
838541
336819
985946
20696
540930
249512
632784
182161
953666
968367
439617
975707
376229
456643
6673
836832
504041
96139
572366
158148
891917
238921
253689
72121
480671
54006
381241
102008
439881
29888
223791
832962
511491
449510
511278
776184
167077
199831
952869
865931
413472
71590
777512
966351
278030
172847
369637
798894
806716
228906
724078
755256
395971
962532
851296
589971
232087
237351
355611
457649
174082
387270
724839
161006
541138
788184
357459
934992
816788
558178
283464
726287
729911
82232
478112
916882
150721
189950
273124
765691
587004
918768
28091
969806
836554
442040
151133
376993
406444
915170
752798
182447
249650
203443
439515
17255
71226
26874
542611
746830
153079
46796
148348
725646
540899
63220
424949
563398
937868
114079
779608
499609
261314
94877
828621
835999
443723
256393
900812
302803
300552
639337
67412
844416
881675
509709
361628
947256
315350
833054
543971
186375
189053
682275
697780
539999
335369
580506
402511
924729
565615
544464
129159
414086
180023
982695
783595
160336
697874
196428
525807
81106
321487
71262
221497
40244
799107
735819
407668
884378
922316
668614
520348
448156
832401
488296
585573
73972
914165
839709
17122
648579
465256
38032
598558
225513
265595
155344
957090
29826
477571
620520
573606
832486
948100
476371
716946
300769
639090
792031
388550
445695
137218
126142
276577
446085
906200
59488
931585
139567
828428
17236
956750
371375
798982
129469
123400
520798
314355
269011
270797
102373
303949
498146
852496
95128
29185
266054
737768
13962
194422
778189
366424
228210
641711
524921
231428
987136
578614
222827
692936
988659
850138
492708
812260
598626
443538
359745
510249
135849
235734
706499
946102
884259
915264
361258
603382
292162
46486
781695
252444
64775
907420
374906
276530
377258
78516
70583
460492
264439
426892
864654
981981
888607
680487
93633
541905
727367
456174
125126
890725
307958
487211
442788
743140
866052
234165
177394
865798
164606
856797
850940
831655
530904
767162
339940
99383
202686
290175
408067
404491
759514
374344
2720
511889
862460
22032
367299
299955
519836
413180
145458
490849
384385
54238
955413
516090
568067
771585
382135
144601
734909
298549
462768
889825
210063
826177
338130
397769
221711
534967
662210
941200
769149
590729
808623
51350
53223
247733
700158
869778
725374
931925
218645
948059
585816
379343
799988
240533
582805
392124
498906
790175
235213
706579
17542
424489
984898
708356
350445
585484
111844
78777
716490
294901
900542
233584
268782
924190
244328
450859
996104
958357
105042
459173
815366
283513
117556
822750
487087
370426
432451
321703
340244
109816
609042
673747
545443
68656
567464
50230
77046
204394
650540
942739
172196
352919
263239
654794
289442
591255
882531
256273
35623
721283
828932
823209
717013
196691
193092
576013
363198
580081
942158
338249
855399
471589
207527
539574
935271
828826
457516
897156
783492
275296
95048
427465
929526
986815
952174
88829
472245
159066
514003
143673
104606
575990
130709
357526
963196
675697
550416
788038
326457
18949
81687
954555
344784
839226
354204
825130
533087
304517
513587
509747
309961
219558
923686
72589
614638
839786
623305
374637
254858
68351
541016
555209
169013
227962
109293
44808
526791
985055
959246
391149
833116
794747
896861
430194
543940
871615
486977
758552
858164
817539
565208
298703
871528
91301
949082
571135
154091
285888
720881
646956
603807
453633
344403
287629
118431
492592
586613
134273
599923
982624
733322
149730
36398
353733
850183
367223
257393
853224
923288
313738
101330
739918
927704
618655
270559
380787
823437
929135
496338
445608
393755
481529
79289
36517
768382
865463
441092
914193
613918
411491
99197
519620
500194
246160
717977
153205
801657
383430
482548
246209
559147
225909
42076
304964
808246
134167
754363
941618
393227
450997
387210
492443
750408
921797
744669
534327
257450
709666
97647
813372
782466
459109
631890
955667
856380
129170
415123
266412
787551
18670
289441
728291
164599
406937
8449
312882
203855
563552
114365
274896
346549
330574
353
333788
113622
730041
470401
121002
262459
730172
729091
788293
863911
693889
482300
309678
664788
836357
488650
147006
154839
56890
984377
783467
973401
270436
290882
482801
404107
886358
881311
666305
912064
25686
259733
369901
359616
859208
214502
608839
849952
953239
214560
321364
366861
810732
25370
116151
74891
497165
110101
507714
480655
125050
622569
970405
539340
778734
814619
425746
40820
435135
323566
783090
214804
482604
587784
94419
429133
263960
344383
801361
298217
805615
206289
318025
469266
41639
878044
266189
373713
350843
576493
484058
765949
888360
180774
530928
350195
30117
658000
834374
908092
625994
497950
925483
220077
473684
71638
320663
274335
828386
129986
896786
795732
594596
918363
551127
928709
652087
371747
877008
737986
865312
891081
805897
599362
545962
708444
468143
515303
250330
583427
439874
872844
112468
800116
2979
551869
647474
244507
170536
639231
109916
865426
133929
334783
859265
741505
68294
419314
301563
947041
289666
346553
762109
875297
284067
556140
605529
752888
348580
734360
958879
381173
911364
262515
103475
745500
549858
338161
457773
314616
339817
686731
804462
469173
130207
979406
338602
65573
384560
936740
399379
875016
167876
536251
578966
884164
905685
523729
27731
240389
842990
931898
606621
891611
545736
439662
680448
434999
310536
155939
320431
692277
205609
455616
665491
69698
835117
352518
460268
52583
814094
626939
270159
655480
772235
118539
972312
144478
74850
5348
627045
723499
612998
190317
570443
279490
490779
249438
700138
872658
458244
650638
30722
262581
129660
667482
240348
849002
400973
331435
124069
578736
567344
603820
683645
496048
799019
763684
616497
119466
636543
501991
377229
530785
196003
873552
256321
518138
750909
126563
130267
459591
585839
851584
722864
796503
357602
358141
169160
673603
787974
23968
783612
63104
979734
961198
140012
534727
694131
978247
832618
114908
768554
672237
921401
339483
837354
959928
205619
241852
235252
153660
845049
952416
233044
790224
575337
295956
367211
907539
972672
576425
32210
461798
870899
20148
832633
152589
897795
878103
894757
400731
893631
976896
815236
167120
323334
551224
247622
421322
767131
900683
266986
895038
655121
322263
520593
46594
785326
297394
693728
11050
106247
690253
966694
168458
905303
868712
104486
794709
749929
975973
714151
132083
91527
169559
642113
371945
482294
267628
682092
364156
179639
76782
881106
444050
964102
627958
335169
761048
449650
652279
943273
927585
71542
460122
800270
788516
558156
197782
412356
466021
81028
426200
577043
586850
600369
25343
834832
872460
769180
590474
971719
418650
619452
352714
98855
838419
49149
659927
202659
303895
3142
179968
740627
856129
180733
942971
349240
309241
414978
200418
247186
455228
196610
550635
778497
513718
687796
183079
163768
911201
176844
958769
407107
426598
806765
940964
358102
24984
142620
690120
54426
950506
584729
467442
686339
715964
634996
438750
399729
582719
758900
815476
349394
195013
116121
286318
438708
809044
423216
232471
894263
893514
987035
696767
843874
424709
617499
122574
525264
906077
196030
65015
452693
606874
291403
967686
642477
198662
188182
62072
36308
142621
126330
350915
274015
438745
677969
659699
482978
548205
487762
569048
612361
789766
893543
168352
14938
20985
907986
278467
938128
373629
363959
345900
453632
188504
131914
782396
752387
985763
374246
590937
961450
622701
711852
709292
278191
74420
878768
321300
718313
313888
110014
612992
650112
240450
773586
70727
443843
766745
129904
516369
776526
170151
969031
42474
483777
688398
343651
764445
961864
994927
917705
794254
752226
152449
338623
397856
614116
666076
14926
769248
220548
311871
154733
847077
875363
175777
324338
878039
53998
964118
549943
985898
150703
477375
490266
47099
710965
398869
814226
486898
130227
158538
710379
86945
575296
695348
233474
368121
942102
344719
275417
920381
83860
812000
727079
311305
529791
944840
922102
854973
202255
430994
228483
478271
431828
586664
125275
80804
681490
543016
650787
5867
378278
10370
80651
867907
487278
739103
672239
288476
400395
303736
324591
671619
894084
175034
312841
179127
148526
752708
93083
344285
752026
969754
337191
996184
904185
468718
72410
918037
458360
422331
218737
794032
467541
202466
55604
227140
754226
635723
597717
500636
893269
599798
816883
659105
910790
572213
619473
142339
665635
409703
991595
756332
951444
888615
921065
489004
494548
315696
314053
338803
898765
225885
409228
492044
282149
504944
772788
201289
969046
252344
769526
21763
235356
871833
261158
346488
138573
423116
128922
404341
269426
54258
135181
271648
901609
537097
800087
208320
612858
100326
514344
618007
553306
585143
638165
227027
313442
386636
21876
810875
872963
468748
499927
863868
609868
826982
388738
458560
528975
830668
629989
832867
610309
55089
715851
394055
426360
397223
176037
587580
765895
984963
400351
783660
61278
457288
983724
454970
60207
280527
922151
974612
120381
490314
330708
358213
478296
419788
888304
749877
249676
762406
422467
263850
898309
817000
96692
774059
147995
186704
431108
648931
212091
717701
871221
608708
318070
272749
473845
894745
57555
980766
932654
963173
242871
702252
410962
141764
3286
525449
790308
267899
199630
253167
645422
944953
433463
107946
675127
504459
215162
552159
960411
335548
952133
396608
430973
665387
100633
722400
474477
909696
395099
998247
211656
600613
303378
696374
326624
931684
160967
677198
986212
493763
152395
99938
847593
980527
316377
802794
654548
268720
56643
747843
734545
84975
970527
376646
197068
224409
438645
879693
605767
775009
971100
430627
911930
2609
767983
469192
30483
741941
13238
356613
531358
75271
256930
966330
8649
324566
28738
790370
990133
227634
933520
653370
616535
781208
797871
534878
832137
486448
981371
633839
363356
765706
770263
420858
227238
696460
716124
371326
227767
829800
165316
302089
876603
415327
314189
38905
730537
827667
654250
997043
890742
228050
664095
697721
433838
392543
239855
849411
371806
380554
128747
214803
528555
506038
78872
552486
935130
232180
764582
671343
952647
453086
514816
443570
150245
419717
79941
774212
574232
744089
733147
671144
3843
840634
953851
524555
924849
257796
92880
467988
233360
667249
595010
276292
663281
655483
19247
434258
752740
404504
973408
845712
172130
869976
531851
166571
585292
175863
359022
973830
249905
85624
278375
249876
145271
574403
972778
408254
690783
507118
491154
325650
607307
21966
458995
147836
586085
75451
689412
540426
767399
22974
562329
250462
482525
615920
991907
410679
533531
70998
850823
246663
511454
325746
699576
626646
351815
406642
808242
511594
509725
878247
686579
762880
669004
461049
186803
238414
365864
426684
353755
155121
996261
954045
455935
451488
275379
129971
923256
506298
686036
554661
703729
161650
436105
480492
753119
185647
632532
191583
228380
377033
282394
969848
9381
113758
120655
536634
448867
385197
299890
605504
177081
890924
418050
549033
393491
442371
819637
703180
991854
658366
163716
942294
474079
190224
429216
944433
633866
686133
576609
293907
954538
670008
702315
750872
521601
764915
775351
123124
358799
94635
912403
385071
725652
579226
397582
155082
743158
282308
577620
539835
940765
646055
123043
856222
580919
976617
641123
239208
713018
559188
457105
74196
827631
391886
425885
523203
380745
225508
576714
233065
775443
180852
26371
893588
340494
957862
824804
746486
5748
685865
789429
313503
506142
664542
353194
24999
252379
210911
379322
938318
142749
29022
172803
166618
283999
573495
754794
187352
554648
601610
974037
281912
819363
450216
142167
649069
684564
882301
856653
358151
406644
320464
235793
479273
214693
705973
165596
657054
590313
200456
287210
174119
527851
486576
870130
698019
407903
650975
795227
208556
764018
952387
95367
84368
543394
365124
825261
625826
534441
429516
358270
100922
156282
857164
292766
369684
106628
938616
443585
658720
779780
815016
147151
232267
964241
327174
324084
82452
534211
707452
747712
975883
366926
490233
466343
68277
664149
330110
878810
125653
604448
943296
761342
847133
648352
516746
882357
38901
871099
572899
274671
111553
788275
927296
92707
807517
945342
430322
816928
173133
604136
902548
320838
755694
848405
870038
456765
75162
34460
78924
940037
194802
216139
686522
997730
191043
5947
583350
678903
141322
638419
595707
964292
638408
849898
464971
370168
755899
644736
945491
945971
192722
790359
944282
668607
501979
639444
13363
344605
96606
929541
294739
506001
93178
634944
217232
521638
473043
59464
574970
999939
827886
483432
508047
898058
716634
517488
615436
547799
519257
100388
637865
727026
187664
181018
876048
499670
609246
496085
373421
761487
289868
972277
118450
446040
526944
548247
690453
716104
347834
395417
514882
288312
214730
966316
408426
150284
61989
406034
331389
327905
842998
628426
982865
858022
615760
722138
784169
712565
730456
313975
593062
808016
735786
895245
374481
593702
599030
795655
393784
834379
277067
507569
332364
268040
158327
475005
710420
822490
170563
408192
726183
605951
187138
811707
376221
653694
580165
712265
164804
247918
202645
852549
779371
575904
223005
202811
747633
296348
787123
251609
113109
315104
383584
175820
719321
459535
824766
988480
891433
601819
625905
431288
683143
500756
346976
959458
382878
556595
604899
800408
515159
619488
924070
182914
779921
778937
775837
498455
467124
96313
429187
283113
683950
60741
333193
629990
505034
693282
633804
511220
924867
806501
534626
149517
765745
286341
91539
133013
9046
782226
913049
418111
606238
857830
650421
354019
854508
959329
958020
722754
281329
826074
650356
627357
127483
722711
572865
946307
478427
935483
65068
55627
441162
623560
564498
731801
200535
160933
640661
958127
759874
670756
174255
984847
514573
570678
806753
50259
342775
274064
829073
908539
751147
711592
777053
245340
643755
632750
150933
976584
608033
685515
501484
261383
382855
39408
541515
878350
858311
777171
147868
572186
882387
599850
323802
976397
912587
616553
901684
960809
360859
367114
566244
936194
475410
796916
798888
28007
799181
375245
735862
152463
820438
718574
641646
630809
877054
252791
244081
409895
857602
763815
654903
703361
208598
952093
294619
285257
120077
134878
119430
338273
227158
287857
700601
134294
426586
5557
779419
293289
231348
51999
795253
926238
739584
201106
434520
880353
70556
919701
109748
388790
185892
140178
602636
83369
588953
451415
298845
160927
902748
203933
423649
868716
188311
475930
494105
364123
663453
329556
994125
195755
483420
258056
254300
791265
344655
166344
269128
431752
78910
796774
110692
659584
196861
353852
330896
75086
909097
752691
371023
271953
200997
616150
70114
384365
189507
367324
165476
77854
213248
488893
715836
335807
547655
648624
364219
334786
471283
357197
293113
116820
653774
586485
604550
363532
528562
453716
139820
852947
360256
350444
50431
413167
874004
809364
165279
33924
945743
496951
873273
717380
201268
172066
189141
350306
299200
128440
13986
763594
318074
539632
260695
247411
406400
893889
581729
358466
756778
453967
106249
719717
954598
744301
856168
439082
606380
281031
874327
202065
84383
539670
589570
156658
469180
357523
146282
597071
366311
886670
118520
565472
33446
530179
93471
670187
252241
55927
40336
64106
941214
438324
981590
344042
853812
893386
955497
392549
600242
760134
84625
306088
903837
468016
549656
298546
296364
980860
243154
917435
885217
753691
340482
867082
759438
340137
271957
459410
959818
23046
35108
913529
821081
187122
85864
705685
242551
437673
741322
730991
567536
881690
857637
215567
100668
363411
981980
921955
150026
644561
827272
990209
449744
903809
762244
78374
599870
542998
946129
482206
278187
432941
713305
418495
504666
291781
355391
92570
510218
456483
350523
854370
694738
75299
974714
552230
627255
627808
545979
677899
565483
717293
155110
998347
969309
462905
213232
357781
929758
664827
748015
527784
915986
250409
825668
584591
957544
943573
978951
207873
63710
2964
594838
818315
257276
758685
19753
686441
371395
383944
148251
934620
646896
23339
982185
527553
335666
457921
291989
681622
679477
250579
853891
503820
636619
187051
790409
313769
666709
318741
145425
938160
221446
925747
494643
993140
219401
414824
533778
227661
821360
18446
111616
854397
432231
654758
22904
3405
982798
5773
344734
152212
475279
283294
195476
123133
175613
545657
404161
203019
356369
137290
385615
833447
235582
868373
161915
261235
228781
469360
472289
706284
63066
169266
165009
198024
134337
341390
967605
917470
130982
478393
461976
572738
736005
894558
921566
70649
931470
947817
173328
739156
628949
146869
461216
30586
785926
342197
557269
299171
405354
213498
780837
764459
107176
407510
351293
696821
702198
454548
92278
273630
653954
35464
854209
806140
729730
239463
344520
321831
765280
484768
116438
614615
859479
182738
77699
42664
707224
281545
49938
224175
317678
451445
768833
731600
841949
872954
883495
402546
453912
545210
829834
542664
154019
168075
392905
981851
685568
390286
770245
291155
923401
327293
703649
519100
563387
302847
137326
630681
620433
91686
408315
201259
571723
918126
646975
618031
665372
55711
331698
682422
866065
306299
80892
358221
720796
256780
517721
535512
573406
198953
668740
310886
270853
145639
133358
140943
65730
905996
7717
825246
501035
141719
830584
853313
992461
611166
185748
465126
523932
540122
61114
295131
246818
275800
219491
119994
422395
251591
640400
41091
715288
626091
846149
804321
975944
522850
117549
51253
595891
150071
422542
814905
413474
22934
63529
780043
6755
193771
66698
674641
22288
738931
466753
91638
948530
116373
134049
850434
343202
911452
769929
946419
558492
610799
462414
128
849392
268235
39018
839
526846
827069
498328
55210
603726
666319
397382
785871
421486
552195
507688
387142
967369
791370
505342
41691
899589
414610
948797
918146
518026
346147
266227
992180
786667
804242
222238
580213
437079
685524
301881
413727
571949
508507
760063
408454
856596
240793
746400
186550
7521
369956
612754
54477
225522
165100
172236
551655
730842
666973
674613
516290
622848
439972
710627
589449
753631
609132
396779
395535
543816
275346
143616
702455
674788
764465
62729
644573
242436
841715
216015
40547
824494
625325
971668
245043
864751
392053
500382
263727
60366
99906
364139
606492
24937
312501
488007
839236
761312
245737
984889
706776
584180
144682
245683
48919
721749
418352
65839
989194
298181
6111
97281
511714
285556
968776
600506
425176
48431
403932
492824
855820
842183
315624
640772
286063
471816
310861
497740
378734
207200
209311
285345
25469
827164
644001
188416
693244
407194
435628
780861
507784
978056
116935
967017
694484
84314
612800
832891
798705
216433
51017
553094
71962
260876
990812
498235
898519
750855
257511
786570
742093
302790
454578
340077
287061
321713
648521
550317
57092
983147
751033
727779
783807
3558
373594
497584
41581
512003
487103
652548
928039
491147
918262
58548
63149
558436
550255
302673
664697
711320
857261
423311
695698
919117
661653
456584
159662
464722
314740
432115
327193
915254
605701
945978
254724
564960
779616
95232
914571
398034
435720
354343
157246
355380
811804
634834
321674
487088
836876
755922
435133
785221
181746
990929
853604
448621
97712
380933
483518
444020
712478
812947
70370
823024
272077
485473
432359
206945
648612
49810
413927
780972
39529
368832
59461
852786
934442
471301
340109
199335
459815
556257
76875
258602
714474
445664
724232
590844
281530
510951
936791
659685
535530
144121
985690
249923
629773
357594
49160
800998
781335
569987
447849
801488
221178
293393
344436
831518
777115
285765
516379
935759
486203
688732
34009
579642
204007
548672
997410
607517
944105
83562
610366
508399
531546
902028
821190
164510
13151
966395
438620
871683
327447
438474
257218
147292
702025
760763
239114
945069
282966
790843
160414
426996
800623
28144
62006
841363
407398
865352
460768
169655
356086
13925
9369
401554
663698
902805
719519
650842
903270
738024
483635
793997
941153
283731
241812
38215
405512
220176
846685
253541
843848
143868
839999
168466
295466
305668
952648
192517
743262
769404
639983
357286
651689
876611
843340
266273
156633
833996
641606
429937
979739
941620
950704
46368
880091
143649
906683
497301
444727
458847
163071
984868
531573
538411
984603
324043
395334
780610
559795
363137
91009
67464
976867
147031
24507
297081
246832
321205
329662
808750
815644
229406
296166
652595
353461
613188
999479
815275
314436
711328
982017
965950
907569
977958
543253
920511
95777
717620
522550
573463
427744
667730
64838
360323
130797
774875
571535
224563
473159
854724
997390
607663
892075
704408
270
92852
437773
646744
330754
61103
131205
548794
358996
561370
378199
83701
986838
353277
283518
526913
472029
455310
28318
802603
790466
227941
865381
241159
58212
421690
857282
440766
266860
288817
152917
692071
588628
423240
915563
943204
673043
305321
301332
426630
692620
903650
770638
171619
183874
987103
350639
251648
7339
164954
690431
870777
461806
637713
769480
890687
423956
604249
166260
724493
830099
324144
473189
79912
130679
951095
11341
657948
197888
516779
852454
604789
408113
508613
522151
599431
450085
499733
231862
536657
208978
863845
939192
645823
721290
716246
274907
86073
846764
332237
720087
182384
715213
508064
450544
545502
678326
610462
313458
113823
992038
355432
526297
9221
329663
639091
198323
113819
638279
584845
143150
740733
775654
578382
409832
24466
827961
61614
780226
710455
586190
370940
862003
193240
593118
512810
422212
122366
554740
589996
853269
474242
300245
285066
150952
642937
448041
296381
133571
183450
324206
2942
658515
635073
226645
254083
931695
22091
462578
530454
601957
251419
581203
464058
58508
673811
284976
285927
240761
682028
726968
300421
385923
826819
991374
401101
937280
21077
25973
155416
746511
738011
788435
436780
631950
521728
311831
641340
93977
634652
192999
130788
138094
166756
543613
186188
204937
260881
674886
822621
466644
462959
762800
865815
644799
796116
634333
981090
492881
225714
899110
428314
145107
373028
843013
358503
873730
664931
869139
427513
255626
953536
325305
421530
280213
546800
680853
85736
143199
346464
31507
224897
669850
234834
613943
943774
936492
532751
763226
604498
316254
340844
327650
47592
671192
991475
666445
687713
296971
227815
116597
218730
954507
958939
157247
854908
183467
635111
442405
19263
964178
400302
52832
644975
446244
601942
994792
88030
622886
364076
488883
62602
439031
1373
221650
86031
620363
558158
541704
259206
320072
445223
873266
472282
661135
317650
510657
156320
209495
121948
797100
985669
469079
536324
690311
111209
734378
736422
831697
313601
493642
476091
713429
491597
859883
862676
197978
13792
124986
449960
760020
493285
592728
591792
328238
14597
600384
65743
75802
117001
481150
864524
158409
296954
398654
511924
195198
245677
398042
500208
582274
737701
667224
165342
471968
335372
236663
749988
813823
707589
464175
782577
150191
339210
313819
294202
906358
249692
354080
47438
485375
248537
645206
516374
732727
895939
92822
850401
591817
218965
445536
257816
20229
872644
631607
326050
968862
594594
688741
214841
423951
217391
543972
908761
163118
984463
407861
417097
435721
180785
767379
465082
811424
704766
786846
28862
192108
623054
804470
777243
343133
524559
231619
961888
952755
413712
695897
554828
833596
412065
269932
855725
950281
91514
175627
435615
406297
151955
606350
686019
410328
350749
173238
532267
367740
637932
589184
598517
920092
389827
598326
695928
124557
992206
297500
721628
337799
591698
657920
644523
765155
573121
939036
494215
138392
754208
665494
217269
15674
612349
573805
866409
442390
458011
104374
866010
583313
495643
932484
539277
109886
51658
645138
182616
596983
684885
690640
915886
504920
899529
416738
196707
684145
875691
516054
847500
987992
385214
603963
906703
59497
321658
250111
563152
201765
201684
331621
373867
903053
331487
500226
409793
549900
253307
823976
759916
356121
938484
481330
242446
324701
927920
114129
661533
710810
50090
328919
53034
322909
807888
714942
135817
234090
389666
425210
501828
576046
238498
612295
416258
226477
635902
372490
743017
326820
357222
280515
872619
213886
621874
367804
513775
109057
116264
763522
837482
475081
95084
446179
64107
472168
536338
39776
24730
226217
21255
991852
511269
115947
630994
776497
83088
839963
452087
329914
554458
2487
39000
640163
705002
831671
718107
641962
181157
552092
903980
746981
151034
361540
719628
566140
193340
598594
172628
598283
868002
246736
865954
980829
296743
180206
559280
251378
492746
128001
601678
877441
248580
746505
787997
140893
655208
637934
279273
644029
537802
871117
183781
635745
140501
257605
49224
216785
221733
259720
741003
724231
298890
314302
218633
36217
665956
598627
200597
501625
544000
643714
832268
824132
74525
158172
985325
602682
68817
871024
999330
572625
826440
692645
604742
199775
667254
869219
347315
829478
921044
502515
48789
443550
633266
362704
993900
672583
385146
213717
982663
120847
391169
941236
552755
815081
928418
650779
586293
694689
951874
448935
152551
461130
755039
910056
45322
48209
333418
282569
787714
430144
602603
981591
70155
112923
884670
542443
481340
836032
461312
312518
848521
261406
843929
744330
39131
422449
780633
684523
927345
24207
553156
808167
841477
949200
500163
835446
222890
868034
274220
66895
545263
892802
680983
917180
771366
955635
382255
549328
974547
316501
57682
256847
284562
233650
451006
603205
836081
496116
863255
361006
149561
113839
637869
482027
705682
650449
299729
900861
178648
828692
783828
821091
56172
983605
535558
851602
83686
24987
290
579756
357027
749333
34705
999442
793436
947917
298972
437123
842724
344350
145797
716829
689182
143337
540123
297738
606044
800277
666957
566201
890731
101070
440320
379612
314965
459349
421828
734688
636041
884189
214973
856232
371552
306446
734567
820885
566002
991537
748166
397846
851274
623795
750200
779185
285778
444188
634960
723508
48941
728754
745592
189617
269215
45340
708965
659545
957731
49228
426584
601031
415703
706963
446002
126079
164559
824081
565784
457776
133869
163769
497927
807532
218086
301200
115168
428690
82070
593279
486468
823884
748788
62276
868531
992814
897242
385584
553569
970196
615610
270870
149697
991447
180876
497523
512033
248395
828906
110824
24653
33402
374750
86535
467705
462803
933379
334747
408726
963427
535922
59297
443839
604869
655043
359630
151308
721548
839898
181338
342012
775925
248171
634752
242412
933225
911031
429176
945036
103692
76458
116248
560150
106845
523663
343889
796534
464348
5591
397712
363621
632377
488821
253883
829895
378389
386810
636696
588838
651686
468526
586875
82660
180385
787813
320665
270874
641050
484361
206101
919856
647729
67932
621576
923012
976143
434696
498520
607899
56451
414420
969856
747134
416740
71728
781743
212972
833633
93587
16581
811813
376404
198158
200331
522650
28619
687997
301602
249859
419310
351797
782506
682809
484237
234769
789598
820552
483239
416123
921930
761396
105728
29541
227296
496504
973378
345542
63820
607965
196294
915389
5045
867178
228296
849386
266134
938901
708354
83532
568896
716651
401163
955893
68032
832252
508223
837031
861361
744232
15646
988017
864456
338913
988352
596493
934320
584880
408883
654993
612572
638730
62018
663533
697991
228150
912146
543277
871881
991722
629182
367466
230633
291614
789156
635419
475142
329286
784268
745990
280311
695056
78591
563495
896693
525030
982773
517661
423283
845454
82072
759228
173456
309773
589538
596756
804016
483774
419871
209360
722176
503848
989817
710617
615570
293788
798983
623002
263924
69662
198833
45671
183493
436904
76329
363750
64687
937080
544154
250849
317040
798178
63939
911258
48482
967529
23894
185593
551136
471414
870362
948053
895478
970436
11859
982747
455126
144929
139702
365206
793799
279266
831160
497006
566
439474
5173
241361
494826
268201
924431
689912
484211
438710
335024
770590
528962
776745
335604
737423
953584
97180
691793
515292
959528
465125
298067
839946
842306
478928
342119
119657
4869
222273
67489
472141
739155
186224
824070
332753
127323
127291
287016
710310
125245
379506
335722
729545
379419
555656
259529
166478
811122
347594
279597
821101
379647
475295
909661
973225
125080
456313
904362
240964
391
849472
209448
819408
351916
676906
846603
996206
725682
110352
41779
975757
497431
587272
539813
12282
759211
8054
822688
947175
883781
761981
568727
123574
305493
323372
167836
2484
794760
757555
479716
376715
656612
251375
314887
92889
254648
392714
692140
734686
551994
420131
429974
288362
268997
13332
992030
649874
801211
420543
454081
954326
974523
388370
663888
510343
917212
792979
858721
287848
634170
869695
20820
68873
283366
993998
248163
550041
281298
771371
884390
949891
124411
665370
561824
29954
911011
149119
805155
367881
547268
944774
35468
542773
718257
686432
498899
425141
649763
786220
992711
914161
36809
785072
214180
118099
918314
649814
581419
327130
782787
518430
254439
5069
176977
448926
616
771443
429322
440097
709393
261154
931062
741953
365900
406919
263476
424330
215305
18508
591930
878758
838527
612179
19593
316726
944159
392478
625031
972722
355500
826019
519482
624779
916198
399831
426369
969225
571568
949780
464361
609916
389691
88632
212330
777726
505711
441902
406814
195496
450475
997518
121483
786997
484371
418451
32607
51289
796723
886898
449766
160776
158097
161413
172300
484857
89920
238448
516901
612511
603658
520980
685268
942868
870707
881676
985309
209973
913738
383842
894814
947323
807832
993643
280400
680570
334263
616372
924432
63172
665255
429788
862354
621457
545761
627245
67914
638565
499710
711920
9703
948299
109980
251749
65967
845549
987052
269629
317182
204261
336335
239409
528269
943551
133532
559651
145190
39472
996435
240597
8812
563000
20367
651790
505166
941816
86470
857738
924169
668661
979357
711216
412837
272190
861524
904370
423810
642205
774110
450704
643974
45371
972061
875915
604563
721718
955968
163754
673677
710342
944910
378872
471571
986766
633756
130971
974933
765788
578572
591727
45109
951049
245157
610397
859426
231950
172970
573993
592025
889770
254185
331414
356056
175305
89648
194482
359533
611647
946044
915962
572419
791188
403896
11547
130874
760887
792966
39840
417636
308093
768285
783930
63949
80604
344889
800994
764999
307405
957487
757723
836538
184196
647064
739087
974854
735666
485385
659316
557170
722825
656990
334672
89961
760250
583507
294424
351964
625362
257121
572018
772737
561846
905972
590836
44926
528328
49014
772047
4768
274733
427866
512531
453229
820811
398105
720294
774098
903874
300084
573487
812277
820677
879837
409074
596001
822637
855511
940819
696487
69545
545064
545183
243628
747235
704972
255487
66188
366562
651476
409953
296582
761796
383341
919286
8762
598827
154777
160280
295215
397010
634131
733772
70633
675177
68888
705279
314081
935668
644546
380373
325919
363506
874884
218877
917179
497881
722467
392503
482175
142141
350102
948551
52918
943804
974863
997686
189436
361005
236706
473054
191714
819347
951056
869676
841431
555534
43160
636566
838522
722465
707118
150209
288581
253161
284473
267400
23783
586647
750318
297364
558983
552614
458016
147227
355568
939610
159988
957656
517665
95590
413030
795142
971710
100666
756625
895144
280352
605156
585558
206600
106159
115322
955596
904310
925217
909734
608801
579599
688828
911040
224703
932882
46800
415157
981667
855667
991488
735701
148625
131344
113813
716962
697266
737573
564617
446257
232726
569792
759528
416896
639997
869521
964620
596469
857129
511158
588357
106074
956829
853944
960033
195712
615078
162921
886018
599198
659250
896413
729657
836830
355906
598322
731151
316934
411190
525321
906087
799271
159882
790216
521937
286121
10857
673022
564218
504544
412303
443103
845528
664439
278254
575849
452970
784862
178136
932612
108506
341207
743415
144982
828258
321144
616723
455608
460841
796420
651202
116233
302831
757289
771760
345631
957239
855145
669877
193349
611539
357350
405377
905082
366786
673833
624770
685127
146215
60783
581076
116571
260617
316099
317163
987672
218746
684339
849616
88481
366398
767846
205856
954222
196292
180752
886946
473047
918428
422129
792327
131925
226903
561502
391271
146899
157497
28011
905688
648043
15626
95890
554639
860254
951355
494213
985750
838083
34487
975751
601390
455411
387945
264980
20294
486232
992100
242761
711069
818961
676031
767909
270420
516115
242171
776190
148850
746545
958406
788865
544111
397902
501291
30250
644488
434059
758284
415237
603830
289353
502422
770640
506100
897283
949561
476502
453309
305338
64305
239676
134943
877825
814766
486251
541566
48096
909962
312655
182203
550428
655624
158774
755214
851277
367792
49584
401861
278080
372060
762018
503745
548287
276006
526171
298839
962103
56534
101420
222963
595685
817442
612993
252903
883622
916293
3727
543826
688519
702568
817942
526610
107876
885845
101249
373876
88646
136339
270771
536005
798845
563297
414028
295607
900621
21665
147648
863561
322520
200056
551665
988452
739388
830285
791258
588029
848206
715222
426359
274832
344603
848218
544065
281056
745975
66526
472451
237650
203260
429090
486066
413808
252969
621183
246135
754281
970922
481931
154979
815505
55130
296670
988615
856031
189939
190375
828363
352167
547276
530810
110249
96247
419015
166074
483686
402832
355813
252799
681491
904670
835753
631322
498495
352045
804050
376544
233622
222413
12002
836912
293138
174994
115812
644536
221162
397290
94870
6846
666127
502636
801347
768877
243048
510502
234393
281245
53869
489190
101181
270398
58069
932725
676129
951044
380223
738458
368341
935015
78768
146946
544983
916803
645925
496975
160153
629568
499469
922242
475041
568181
483158
151090
769955
677371
656382
401271
497760
294408
472838
581567
965382
816342
866000
782083
200704
641354
501624
31065
399157
819365
888384
237226
127151
2774
373975
803486
206218
489014
939794
450191
282510
785927
869126
827048
96617
199854
255935
800621
635442
640529
146545
314755
815882
735356
701618
278419
611482
957586
780488
396594
589680
102178
593263
489418
285871
996479
859721
985406
241405
719630
506873
417621
291702
462624
595369
171035
948588
423005
133296
75013
484107
721521
570116
765740
178748
224774
871616
14378
583599
763054
484949
11024
362220
270631
796291
489893
792788
525542
123152
715673
473673
938096
375017
269269
155195
499975
319272
398360
438123
976806
268394
40392
172374
720327
318833
780157
348351
419439
485100
888960
716345
130814
632976
845820
151589
284393
835955
445797
559655
138368
576989
50375
641710
660266
736862
378509
301507
698777
162663
500461
866770
44012
906578
466676
875609
35309
51394
852885
899978
932465
907599
38815
523056
271174
561913
849371
875078
563005
644949
6503
350996
207428
826522
800029
507582
126825
203772
430394
722135
799106
77582
666595
915412
559164
859536
769809
463186
17694
363283
407524
801327
600516
524879
964088
854825
147422
371039
698582
299079
805586
984135
90500
582307
479495
887104
506887
735177
234230
48561
472647
94034
430533
380525
398453
659778
944842
281804
525277
645272
567826
605070
961742
811246
411718
675322
374133
240705
415541
25400
545511
8863
747410
392265
829316
690904
459651
554057
560916
278940
400947
202075
860749
250629
888166
417016
995484
801945
528606
84583
207514
863341
161149
766010
44445
66036
562136
542409
563885
4236
846431
174998
465047
572783
520374
419219
99604
631306
617470
35970
311280
959179
540282
191563
234227
759780
910261
355928
96600
432324
876832
291721
268129
256411
760001
159319
105587
893888
238908
580360
925761
658499
575111
239288
619566
300055
264728
237041
622376
459715
403669
351851
628938
172198
203320
410167
561117
121066
352273
172800
978126
827895
9791
138773
712971
961913
683203
206151
96555
790112
950452
996512
223891
182560
851576
975397
465557
517177
314815
633492
400034
748182
333335
99638
934745
701298
100396
916508
393977
522446
309837
459933
945233
177761
55112
423683
754830
126865
714786
524028
382401
629674
659603
561121
473640
56678
456893
929138
671371
830341
865909
208911
365476
84463
207294
100804
866513
231019
600767
668710
494086
960885
474115
650568
864576
759179
532545
484974
622036
904766
842266
387562
500130
553050
661028
739692
807115
166678
688506
736781
547941
143787
198994
680991
705920
338395
360224
733630
323738
944660
407040
145484
529386
76301
77466
966818
684379
661650
714782
956647
455182
140714
805282
601997
247178
730594
470751
808195
183771
953645
426564
865491
407916
277221
767551
195060
381762
248798
481444
335903
533649
993978
573117
270162
154064
703041
512817
101081
929382
166843
936806
491331
904573
592755
817160
227669
867986
935038
103661
382424
295432
409179
718407
430332
186357
61978
51395
889388
983138
859540
85484
753906
435849
296733
404414
439858
384138
692597
844129
421423
804209
681208
199170
466141
683235
350317
293203
451561
800709
725442
31551
767641
278887
591757
700500
7963
189647
523357
830605
586519
921203
232183
244378
432767
333582
419268
608345
183165
155966
291803
970595
700564
134076
871328
755218
223675
764346
409856
63456
513752
744987
649267
304229
295734
790546
530724
910061
633541
943472
32768
314059
58396
765938
152901
908901
899924
470607
454264
64343
653274
540233
855428
182725
829526
396429
491623
868969
644329
839797
870254
519051
388365
269312
442747
143905
530258
349322
594996
297811
531158
754160
463290
266770
577462
710766
588664
259006
469400
37670
594772
739586
853081
58300
116105
194392
472541
503874
40789
417941
988685
795408
68111
47433
478416
237416
516362
67557
50994
338020
461903
453183
60466
312630
189739
412418
424429
888936
195148
486771
558640
283109
617362
8558
89440
943945
612279
446541
811248
387935
789313
448981
911895
190055
462514
80058
729668
389528
227960
111682
866085
512062
421982
50322
834208
350074
649673
676743
754121
958675
901302
998269
631075
507977
366177
430971
443178
947429
346337
805337
31494
714271
831402
162563
825435
850516
513496
132290
449361
592570
545878
703606
2565
200011
919457
984614
22889
844232
488187
616534
953719
675231
957214
691198
630054
660594
453919
443052
499573
561577
587600
939196
320533
181534
900215
609584
743911
786614
102610
502803
313013
994659
19206
86374
828926
391752
196996
487098
176668
829867
734312
563662
939727
884519
814949
34538
299004
23143
838988
394795
549085
518844
889753
508174
962968
592694
386772
680406
261026
214201
38629
343328
716619
668818
723213
751606
702635
369222
604351
460734
600493
513792
398158
103246
273580
725587
501228
645558
675775
327419
265865
890975
726819
792426
212037
888709
655055
203093
954362
252561
750908
493798
111223
620556
554005
65421
468943
45789
660607
291243
195025
606672
988705
283265
552205
446009
657499
391778
649846
212005
508862
729994
861316
33110
38887
645110
647414
109313
119655
108390
560400
323072
69802
164073
714757
791297
304160
179037
15985
897480
808694
216124
510199
405965
473123
996059
92349
545766
79664
25497
487596
834608
326946
783577
701306
243699
606782
998441
368532
55391
258863
750208
367961
846068
583355
620553
792806
342209
760010
559320
588587
561038
905684
829714
773013
559759
76737
163029
343041
912176
257213
664718
200680
486951
935224
456291
252789
558726
138026
211575
626892
43603
520191
324124
714799
167464
725086
180650
190997
117983
603149
133756
848062
685478
452900
365795
788094
69661
383342
557092
431354
516165
253266
902980
871109
634800
620453
311209
884717
41403
748649
91992
832654
592647
884988
731500
151177
964599
872700
823199
230285
823007
543602
572368
335188
318971
906054
230661
323598
240007
379997
28442
975434
610535
330330
28395
303200
897066
744513
541405
519955
646947
171613
149313
224063
109861
538901
113314
63337
58112
414376
353229
464379
987838
885684
757881
405021
855079
809077
930891
396165
17533
271588
807745
341057
398332
634522
438749
771938
305714
550257
691251
108088
36023
981460
336763
860861
836758
20880
950901
669918
47667
884176
759186
376038
448299
941995
866509
110905
98305
812775
744156
351702
310783
320328
375086
514513
120183
735671
322279
779145
362216
722282
16125
19945
687872
939137
952000
411521
746552
607471
451056
922968
419460
646884
367652
971353
259590
704670
784539
93757
672149
66056
745325
951656
389819
907467
927796
158622
942404
820941
726816
530585
522158
758814
24247
707010
154606
267981
753362
179960
324100
997657
661256
381909
882867
678826
114920
385156
586828
342874
527611
154797
360122
175498
668826
875689
491189
869267
236136
494660
727694
764439
196665
383595
508757
936522
651429
270008
799411
185164
865526
188375
814268
350051
599482
708085
631520
650424
890259
940865
724150
817170
82479
997545
880847
793734
226675
945097
150196
718490
956832
345416
398707
497075
614549
667288
848829
238758
821271
742753
515761
727224
937036
709829
238139
947159
150256
130110
513638
757140
360023
4066
864531
896274
763425
790666
927081
989570
716475
735008
398567
242746
323644
200377
712393
604819
441100
465969
926054
640317
136380
543335
875270
734441
322586
554387
214296
65215
250663
218798
336434
575457
826244
716286
163658
157923
575750
994018
142455
43971
141529
859422
235353
324374
3975
32481
937065
640270
287122
131777
235157
449997
591338
251925
636895
516861
625178
77586
15400
132840
641458
239596
332635
663560
476875
63643
322777
921571
634852
458537
951322
385669
591835
641257
245555
182930
559802
882241
429419
57810
537127
371303
488960
119161
60608
662702
1569
650601
415714
325045
763204
207169
509721
111118
236271
551233
48214
862928
109643
384550
678128
204909
469510
72344
217129
38998
211560
732199
812824
579313
57486
285709
879683
542745
250081
444505
486030
988638
498990
359327
912314
463119
973358
501128
780774
6574
471078
491202
164761
785147
657938
891567
131779
966868
604147
699283
433155
710406
162237
763107
163530
436989
217893
943537
406811
215153
435729
344536
231227
658735
153447
654789
512246
364604
674167
611100
588511
944792
241579
979293
754670
490054
890769
619765
440288
889643
675126
92114
554635
459275
411702
386316
448389
614714
805086
414322
336015
43334
340786
608334
138513
136976
685521
926300
574005
997127
717316
959149
900805
698714
61621
668885
792217
798293
46748
553171
854440
502500
861182
768565
535560
352346
173240
414128
316690
764732
910518
253035
183602
130086
717843
827300
261103
517484
700747
970603
157645
158192
138959
748003
265228
785984
255797
250050
710718
306048
270947
532767
98001
168673
458052
438829
195647
170194
755811
734172
210605
317217
163849
392900
679209
393167
471309
3194
342749
184215
336583
986450
661822
490581
173957
295438
617584
93947
727312
975631
387634
454834
216697
945231
687504
952875
426967
42039
980983
598851
250678
771398
343954
26552
927223
680017
525225
499517
54414
592442
990653
862673
583327
928196
750116
617941
140858
483112
571753
180935
895209
646930
838166
502757
739634
641291
144853
888900
349045
794800
140665
449360
787290
300600
64444
267801
598808
215275
683184
443791
189690
369937
282304
657398
863089
321190
496229
711347
222870
548580
43746
681223
994515
637381
648507
379947
189070
392467
960909
620589
907609
299455
987146
386258
8209
760288
464417
150488
998210
865686
814621
33727
671585
957420
888526
168398
902937
370603
91274
593163
997871
254443
183424
844087
194309
818141
564490
15746
949367
256170
656464
20184
113916
676886
350486
461520
7165
683651
424492
558981
125664
780215
779150
388010
113297
963363
714083
710707
604080
399479
169435
204439
933811
993898
187835
941615
443685
714652
331018
759259
473974
401825
24225
162404
433518
322920
889418
770745
60205
986449
377346
407848
887395
986635
80726
322180
448564
622575
34982
393996
743934
348833
331335
577301
62028
118951
901914
765990
10406
63607
7051
490189
454565
854065
442382
1079
380901
778056
754932
889460
450763
129233
127664
121937
877716
358361
33673
412608
64265
258167
251728
435890
307202
483233
904070
978627
530407
980600
604616
102690
244859
737058
354762
873
313745
147948
483271
797861
126939
432850
393016
253723
857695
663406
259625
869325
774128
356734
991509
509242
795200
688267
71377
734417
150017
135637
603599
752014
517127
617245
56453
976544
423389
520660
889776
80822
859896
913783
42905
218138
746561
399256
444597
721461
45920
633275
57721
570748
50470
649411
678894
213196
915143
772426
560011
779514
465089
782725
937462
520814
822638
513344
443327
535447
922626
638854
27199
45141
777725
956114
291508
76243
825675
311632
145701
158951
906115
227078
324145
635853
574921
595931
158449
169312
163729
126280
759021
959280
50468
769468
116790
203624
695795
169229
938167
673598
307764
738317
499892
699789
708344
318402
254846
865195
635665
839114
631586
150298
258622
277383
358205
658088
881325
290636
96643
330312
129263
952693
864153
869986
610014
936051
521888
224388
412026
467605
3554
44760
335633
844502
374571
675571
953153
709840
144023
625295
2229
309324
735390
402519
657806
250854
28910
634236
196216
596185
842001
588865
751099
827316
699542
153664
807766
264010
447275
950182
702102
246014
390718
877182
796451
656311
661509
915136
896539
70888
281916
227356
51619
253722
502309
48375
244183
899660
796803
478065
696941
598082
93496
183363
573819
121024
236560
451388
790852
164122
861090
760819
474465
313700
287894
44000
953522
426975
766407
665874
819666
559673
276786
793535
598663
711623
802642
704143
562836
38606
927055
201212
246108
161135
528119
70944
261756
805503
387936
844486
355773
217394
176708
678848
729296
164625
791001
424681
651887
70953
356312
349498
375780
173667
706891
713192
382738
235468
489795
129418
606517
253657
578166
787283
195916
807015
712526
669255
131659
230502
468811
733193
1062
915763
685704
87226
916414
602114
309831
921397
882932
147722
208077
759168
865337
898936
777358
473697
540239
754514
552537
728382
681124
552886
987191
561735
521399
649234
466945
17391
451697
316801
459294
490221
702578
640187
385823
571606
231860
198573
328899
689503
847507
714714
137715
532616
790883
17802
324676
600956
234604
379140
420851
94520
807901
493835
458302
518233
386043
239173
9403
299026
3148
559203
117674
754986
359044
811906
657531
827191
47763
531224
460469
421115
139570
275549
370614
90702
215301
191046
667294
987123
704326
525199
958337
117189
576327
365308
113369
673495
190879
706500
824404
369595
486274
639132
236997
750996
276900
609641
134800
692543
938804
674603
279553
514093
902164
348870
701022
580049
354878
41333
196241
76649
351295
583771
293403
805761
758397
912960
827209
850541
271651
296782
423207
724851
12716
880064
112951
995319
222855
19406
472853
404787
173423
956299
997594
310955
349687
632604
173148
145454
259824
533914
780412
60501
305331
468649
919514
474731
649025
39940
642370
836549
202527
914278
444051
262963
679150
562290
983630
115452
441453
301418
195258
584020
482676
147942
481250
964214
446685
98276
200932
525626
976728
542861
977278
961690
672617
753954
507112
338179
3931
993146
433289
657783
357415
461956
125566
947219
773221
439026
793939
399132
130524
69776
892861
297330
225024
566754
220413
791226
616676
50475
682203
643072
145572
143037
790973
593464
732592
307974
458111
25177
611589
987046
260721
672815
852659
218858
593779
654450
733162
62272
853631
691450
400
974409
843630
695106
694030
2743
292572
997362
91733
584261
56022
799587
330190
422868
723137
480675
704692
631344
649282
914244
379468
685081
514120
179207
43159
952390
889162
644622
633449
508275
956585
145293
421576
459190
400041
392943
232666
745798
533027
652434
508029
880867
506659
273433
856152
532558
363527
964866
897265
884244
545969
341672
439415
705608
976749
996363
116362
984918
910095
303875
294670
554015
336326
524631
801823
768150
716683
633257
128795
128490
420889
838542
108530
249169
67651
483083
790243
211789
558724
430884
122138
911211
480982
25677
513063
326800
301586
231631
615842
623686
426770
407689
655186
100002
625330
53689
724187
395299
619252
629143
718932
137003
63150
849140
743545
230938
457410
126972
655957
391352
981868
838145
960470
85325
569678
872118
52675
44046
143128
400305
695613
882566
50814
570338
405475
907596
943738
531386
309871
291349
685420
113430
610215
613928
180609
501030
705761
282159
504280
762417
962682
560790
574323
385381
19020
977376
501537
464699
880808
695993
136563
533126
143027
406078
149661
337331
759573
99607
214371
317500
995068
490630
635685
273467
190156
152213
244224
772740
279638
974216
29195
131603
119648
903194
313206
163323
711128
947517
521334
569819
626767
749469
100545
242705
815880
193391
531060
986947
509374
553957
69767
717753
258389
948410
269635
659039
841613
902091
453446
323080
145958
335403
914731
829679
424215
501945
255300
569120
30868
25817
907981
707968
913834
567280
984251
416033
135472
209110
26423
39743
812082
55502
990042
824234
327389
206696
139215
396651
320649
605252
684303
935103
299809
52745
691983
451974
25083
430450
736472
628105
847089
373984
447601
914868
414254
14873
430900
646433
156744
599832
271641
94883
991250
786406
46805
739259
314116
348339
947993
199489
543836
743835
166276
892976
49798
966927
726724
915638
436182
782116
160941
887495
854700
209616
853445
270353
971985
17020
58886
954856
774527
231209
233205
684489
808263
605413
557718
813534
474316
469566
20904
724919
829668
413508
924834
777266
536341
737228
594421
394044
873428
251268
725820
873604
539654
364563
894016
675592
418407
424862
513514
927200
765235
96475
100158
745102
149062
271335
720458
259135
878434
991321
61684
656000
715991
917167
560137
873961
883300
484477
996680
136795
533354
374180
424146
364233
528660
987458
455217
5032
771346
80922
299359
942141
916317
63188
14408
965318
704009
562482
693899
967423
343761
828694
255869
182377
594537
753661
959564
107092
631358
756738
110042
584326
792346
727331
116532
96471
983257
615496
163003
637316
167491
532927
230525
340029
606180
632474
987896
120623
130047
56906
508262
623598
177682
454048
686878
164406
316838
91052
885556
888873
119433
3770
165721
160422
637024
584746
866578
180883
59988
193143
198814
840951
224047
286987
621759
781400
876104
830032
980528
954177
706880
603550
515301
849636
197919
900460
963194
249689
137068
671103
318377
875462
122448
778595
32546
769802
744706
350236
610256
674034
150325
699685
499648
162398
113805
835969
548126
518875
492418
111425
248757
605332
496008
984820
664399
4697
101962
880207
89506
858645
336707
624037
847948
735885
339840
391257
799723
262811
536956
708185
579062
407780
242671
236721
776000
263272
225809
38027
475794
695284
405351
900663
522955
565428
50129
181510
192775
857054
676016
846697
28712
6314
464263
545323
467743
455919
308676
121644
400158
323081
522007
264918
657207
561167
958318
717626
131102
172903
391985
515716
655884
467310
237782
465289
306398
766392
758296
216276
249707
552520
514052
513612
861477
686901
438388
492518
251255
362005
438780
322592
42435
797136
575780
361359
320866
185224
316244
693382
122746
393824
215523
740152
318598
829332
303893
483067
902478
134817
139904
977679
225720
174761
305510
345576
869806
716652
176102
993049
818814
253223
476980
763823
569213
85558
625693
901694
127898
628926
543711
828308
114138
221845
731060
920860
771387
553916
488949
165684
468684
30752
716609
332863
2770
65758
84044
78978
927018
935508
841519
380176
28670
998220
206821
596526
584111
160719
97327
602478
437436
192615
502274
393291
893068
807964
342717
747663
135451
513028
674793
815923
311784
681814